100
-6 996
2 991
1 980
5 979
2 973
-1 965
6 951
-7 949
2 941
2 939
5 936
-4 927
3 925
3 904
4 901
2 896
-9 878
-4 867
8 855
-6 834
-5 830
-7 822
6 816
5 801
-6 790
-7 789
0 787
5 783
-1 776
6 772
-3 771
2 734
-5 732
-3 725
3 689
-3 686
-4 675
-6 671
-7 664
4 657
-10 644
-3 638
9 628
-3 605
-8 603
-5 573
0 567
-6 565
10 560
-6 557
-2 525
9 504
1 503
-5 477
2 472
-7 459
8 448
1 442
-8 438
1 429
0 412
6 399
-2 394
-10 390
-5 388
3 378
1 376
-10 368
-10 362
9 346
-5 344
8 343
-5 311
5 285
-2 280
5 270
2 251
2 249
4 239
-8 234
-6 204
-5 198
-1 192
0 188
3 184
-6 180
9 172
0 169
-2 153
-8 151
2 149
-8 127
10 47
-10 44
-6 38
9 17
-3 15
9 14
9 8
6 7

100
-8 993
-3 984
-7 977
6 966
-10 961
-4 946
-8 930
-5 928
-1 925
4 917
9 905
3 904
-6 861
-8 850
9 846
-8 837
-8 829
9 823
6 802
-5 796
9 786
10 773
-1 768
-5 758
6 756
7 747
-8 743
6 728
-10 720
-8 699
-10 697
5 692
2 686
3 683
9 680
-10 668
-6 656
6 647
-7 637
-2 629
5 614
6 604
-10 600
8 590
0 588
5 587
0 543
2 530
0 516
2 513
10 506
1 494
-6 484
-8 479
1 472
-4 464
-2 460
-9 454
-3 439
-4 418
3 414
1 408
-4 402
-7 398
-10 395
8 381
10 370
0 368
3 367
-5 364
8 356
-10 326
3 324
0 318
-4 306
7 297
6 294
8 288
6 274
0 272
-10 262
-1 256
6 250
-6 244
-3 223
5 210
3 206
7 186
10 174
-6 166
4 162
0 130
-9 125
4 123
-4 107
-6 92
-3 63
10 25
9 8
2 1
